%YAML:1.0

Width: 1920
Height: 1080

StretchMatrix: !!opencv-matrix
  rows: 2
  cols: 2
  dt: d
  data: [1, 0, 0, 1]

MappingCoefficients: !!opencv-matrix
  rows: 4
  cols: 1
  dt: d
  data: [4.680411313233361e+02, -6.368106242249083e-04,
         1.961379599450314e-07, -3.734048285399345e-10]

DistortionCenter: !!opencv-matrix
  rows: 2
  cols: 1
  dt: d
  data: [9.628234364085060e+02, 5.269875664155169e+02]

TransformMatrix: !!opencv-matrix
  rows: 3
  cols: 3
  dt: d
  data: [-2.27259484e+00, -1.39276286e+00, -1.39859202e+02,
         -4.19396099e-01,  2.42894433e-02,  1.84895331e+02,
         -2.37018661e-03,  3.78030493e-06, -5.50609385e-02]
  # data: [1,0,960,0,1,540,0,0,1]