%YAML:1.0

Width: 1920
Height: 1080

StretchMatrix: !!opencv-matrix
  rows: 2
  cols: 2
  dt: d
  data: [1, 0, 0, 1]

MappingCoefficients: !!opencv-matrix
  rows: 4
  cols: 1
  dt: d
  data: [4.674828746712505e+02, -6.763058480022084e-04,
         3.118918904781712e-07, -5.067145474912421e-10]

DistortionCenter: !!opencv-matrix
  rows: 2
  cols: 1
  dt: d
  data: [9.542820760373249e+02, 5.498250562634316e+02]

TransformMatrix: !!opencv-matrix
  rows: 3
  cols: 3
  dt: d
  data: [ 6.66361156e+00, -1.34544261e+01, -3.04780316e+03,  
          1.78594274e-01, -7.16283190e+00, -1.13548520e+03,
          3.75179633e-05, -1.40763499e-02, -3.18612766e+00]
  # data: [1,0,960,0,1,540,0,0,1]