%YAML:1.0

Width: 1920
Height: 1080

StretchMatrix: !!opencv-matrix
  rows: 2
  cols: 2
  dt: d
  data: [1, 0, 0, 1]

MappingCoefficients: !!opencv-matrix
  rows: 4
  cols: 1
  dt: d
  data: [4.670893660180895e+02, -6.311584578943474e-04, 
         1.514063570452810e-07, -3.406833874913011e-10]

DistortionCenter: !!opencv-matrix
  rows: 2
  cols: 1
  dt: d
  data: [9.589267953132656e+02, 5.332718007736723e+02]

TransformMatrix: !!opencv-matrix
  rows: 3
  cols: 3
  dt: d
  data: [ 1.48477035e+00,  8.68493130e-01,  1.49357058e+01,
          2.87411169e-01,  6.17096458e-02,  1.17004471e+02,
          1.50689930e-03, -7.29443317e-06, -3.17455650e-02]
  # data: [1,0,960,0,1,540,0,0,1]