%YAML:1.0

Width: 1920
Height: 1080

StretchMatrix: !!opencv-matrix
  rows: 2
  cols: 2
  dt: d
  data: [0.998661868413995, 8.246479777117340e-04, -0.003712058294221, 1]

MappingCoefficients: !!opencv-matrix
  rows: 4
  cols: 1
  dt: d
  data: [5.080670450770476e+02, -4.188906997318177e-04,
         3.957530420691659e-08, -2.770499612859330e-10]

DistortionCenter: !!opencv-matrix
  rows: 2
  cols: 1
  dt: d
  data: [9.713484401524236e+02, 5.354041917959559e+02]

TransformMatrix: !!opencv-matrix
  rows: 3
  cols: 3
  dt: d
  data: [   -5.10249566521327,    10.3868005794674,    -841.09370024737,
            0.204817238153728,    3.82438622899534,    40.7531465445095,
          0.000531444434513086,  0.0104502661323889,  -0.893388060876505]