%YAML:1.0

Width: 1920
Height: 1080

StretchMatrix: !!opencv-matrix
  rows: 2
  cols: 2
  dt: d
  data: [1, 0, 0, 1]

MappingCoefficients: !!opencv-matrix
  rows: 4
  cols: 1
  dt: d
  data: [4.674828746712505e+02, -6.763058480022084e-04,
         3.118918904781712e-07, -5.067145474912421e-10]

DistortionCenter: !!opencv-matrix
  rows: 2
  cols: 1
  dt: d
  data: [9.542820760373249e+02, 5.498250562634316e+02]

TransformMatrix: !!opencv-matrix
  rows: 3
  cols: 3
  dt: d
  data: [     6.19087214455194,    -13.6783918575607,    -5114.04257928648,
             -0.07103670281201,     -7.1647058925724,     -2210.0437877731,
         -0.000452864931393468,  -0.0140691132595466,    -5.29547420841964]